1.0028231394486751
0 01111111111 0000000010111001000001000110101110011010101001101100
1.0028231400601602
0 01111111111 0000000010111001000001000110111000111010111111001000
29

1.0723200967851336
0 01111111111 0001001010000011100100011110001010001001001000111110
1.0723200973134226
0 01111111111 0001001010000011100100011110010011001110000000000000
29

7.8049116884947010
0 10000000001 1111001110000011101011000101000010010000001011110011
7.8049116974334680
0 10000000001 1111001110000011101011000101101000101001010000010000
28

1.0009604060294588
0 01111111111 0000000000111110111100001111000001111100110001101011
1.0009604072611680
0 01111111111 0000000000111110111100001111010111000111000011100000
29

4.2356912028668683
0 10000000001 0000111100010101100100001000111000010001001010001001
4.2356912053304754
0 10000000001 0000111100010101100100001001000010110110010110011000
27

2.5215547151678059
0 10000000000 0100001011000010010011100000111001011100001100111000
2.5215547148438979
0 10000000000 0100001011000010010011100000110110101010001000011000
30

2.5779126386866640
0 10000000000 0100100111111001000010101001010110001101010110010100
2.5779126404260566
0 10000000000 0100100111111001000010101001100101001001100101110000
28

1.4931032654295537
0 01111111111 0111111000111100000000111111111010010010000111000001
1.4931032653233309
0 01111111111 0111111000111100000000111111111000011101010100010000
32

1.0689024426408624
0 01111111111 0001000110100011100101110010100111000001110011000001
1.0689024433462002
0 01111111111 0001000110100011100101110010110011001001010100110000
29

1.1815988407141602
0 01111111111 0010111001111101010000101111100111011011110111000110
1.1815988415114642
0 01111111111 0010111001111101010000101111110101001000100000011000
29

